100
6698
9202
2777
8117
203
3058
1851
9382
1453
7290
3449
5722
4785
2654
3186
8977
4552
510
7847
8142
2932
8812
4252
885
946
2366
8385
2168
5525
9171
8783
6903
6925
543
2944
7617
2404
4763
364
1137
838
1844
7555
9893
8178
7053
9108
8601
2777
7561
189
5845
4185
2266
6365
7632
7351
9676
4752
9949
3587
839
5731
5259
734
5134
1544
7141
8596
5593
4892
4657
2846
7284
7417
5219
1725
6205
3653
4731
6958
5224
6446
2785
7725
6628
6603
6799
8232
2315
7461
2389
2590
8528
1046
7648
8096
4042
3644
567
100
8393
4339
8549
2329
1881
4551
7882
1495
3938
8906
4214
2072
4458
5764
6317
9424
7621
8036
2107
763
6206
8613
7123
4472
2038
6316
1934
7486
5207
956
2721
6574
3322
9277
9125
7089
5932
5761
6563
7812
402
9158
1151
6792
1742
5162
9011
178
5198
6157
9519
1861
4150
4200
6889
8277
8019
1247
5856
9764
1643
2543
8197
6318
7321
1263
4869
3186
6355
3943
3288
2175
6118
9582
2066
9599
891
3717
5026
5989
5387
8066
2216
8755
1470
1369
9663
4360
5078
6858
4982
7037
5321
7898
9481
695
1484
6994
7105
3112
8